1000
0
0
1
2
2
2
3
3
5
8
8
9
9
9
11
12
12
14
14
19
19
20
22
23
25
29
29
31
33
34
34
35
35
37
37
37
40
41
42
47
49
49
50
51
52
52
52
53
53
54
54
54
55
55
56
56
57
60
63
64
65
67
67
68
68
69
70
73
73
75
77
77
77
78
79
81
83
84
85
87
87
91
91
91
93
93
93
95
96
97
99
99
100
101
102
103
106
106
107
108
109
110
110
112
112
113
116
118
118
120
120
121
121
123
123
124
125
125
125
126
128
128
129
131
131
132
132
132
132
133
135
137
137
137
137
139
139
140
142
142
145
145
146
147
148
149
150
151
151
152
153
153
154
154
157
158
159
160
160
161
161
161
162
162
163
163
164
164
165
165
165
167
167
168
169
170
171
171
171
173
175
176
176
176
177
178
179
179
180
180
180
181
181
185
186
186
187
187
188
188
189
190
191
191
192
194
197
197
198
199
200
200
202
203
203
206
207
207
208
209
210
211
211
211
211
211
212
212
213
213
215
215
216
216
217
219
221
222
223
225
225
227
229
230
230
231
232
232
233
234
235
235
236
236
237
238
239
242
243
244
244
244
245
245
247
248
249
253
253
254
255
256
256
258
259
262
262
264
266
267
267
268
269
269
269
270
273
274
274
276
277
278
278
278
278
280
284
284
284
286
286
286
287
287
288
290
292
293
294
294
295
296
297
297
299
300
302
302
303
303
303
304
304
304
305
305
306
307
308
310
310
314
318
318
318
319
321
322
322
323
323
325
325
326
327
327
329
330
331
331
331
332
333
333
335
335
336
336
336
337
339
339
340
340
343
343
345
346
347
347
348
348
349
349
349
349
352
354
355
356
356
358
360
360
362
363
363
364
367
368
368
369
369
369
371
371
372
372
374
375
376
376
377
378
379
380
382
382
384
384
385
385
386
386
387
388
388
389
391
391
393
396
396
398
399
399
400
402
406
406
410
411
412
412
413
413
414
414
416
418
419
419
420
423
423
424
426
426
426
427
427
427
427
427
428
429
430
431
431
432
434
434
434
435
435
438
438
438
438
439
440
440
441
442
443
444
444
444
447
447
448
448
448
450
451
451
452
455
456
456
457
457
457
458
459
460
461
461
462
463
463
464
466
466
468
468
470
472
472
473
473
473
474
474
475
476
477
477
478
478
480
481
482
484
484
484
485
485
486
487
488
490
493
494
495
496
496
499
499
500
500
501
505
506
507
507
508
510
513
515
516
517
518
520
522
523
524
526
526
526
530
531
531
534
534
535
537
538
539
539
541
542
542
545
546
547
547
549
550
550
551
552
555
555
556
557
558
559
560
561
561
562
565
566
567
567
569
570
572
575
575
576
576
577
578
580
581
582
582
583
585
586
587
587
588
589
590
590
590
592
593
596
597
598
599
600
600
600
601
601
601
603
603
603
603
605
606
609
610
612
612
612
612
614
615
616
618
619
625
625
626
627
627
629
630
630
630
632
632
633
634
635
637
638
638
639
640
640
640
640
641
641
641
644
648
649
649
651
656
660
663
664
666
667
667
667
668
668
668
671
671
674
675
676
677
680
682
683
683
688
690
692
693
694
694
695
697
699
700
701
702
705
705
707
707
708
708
708
709
711
711
713
715
716
716
717
717
718
719
721
721
722
723
724
724
725
730
730
731
731
731
731
733
735
738
739
739
741
742
743
743
746
747
747
747
748
751
751
753
754
754
755
755
758
758
760
763
763
765
767
769
772
772
775
776
777
778
779
782
782
782
783
783
786
787
789
789
789
789
789
790
791
791
792
796
798
799
802
802
803
804
806
806
806
807
807
808
808
809
809
810
812
814
815
815
815
815
815
817
818
819
819
820
821
822
823
824
824
825
826
828
830
831
831
833
834
834
836
838
839
839
839
839
840
841
841
843
845
845
847
848
849
850
850
851
854
854
854
859
859
860
860
860
860
861
862
862
864
866
869
870
871
873
873
874
875
876
877
878
880
880
883
883
885
887
887
888
889
890
890
891
895
897
897
898
902
902
903
904
905
905
906
908
909
909
909
909
911
912
914
915
915
919
920
920
920
922
922
924
924
925
925
927
927
928
930
931
933
934
934
936
936
937
940
940
941
942
943
943
944
944
948
948
949
949
949
950
951
953
953
954
954
955
956
958
958
959
959
964
966
966
966
967
969
970
971
971
972
975
976
978
980
980
980
981
981
981
983
983
984
985
985
987
987
989
989
991
991
992
992
992
993
993
995
995
996
996
997
997
998
