500
880
310
707
283
584
350
323
3
132
933
337
624
496
132
592
50
585
732
70
890
238
988
361
583
902
940
684
984
66
827
159
916
998
790
568
922
184
256
289
465
161
336
413
885
83
104
345
715
462
842
317
342
5
232
337
625
385
961
36
760
38
442
810
600
853
146
367
684
672
572
557
417
76
15
904
190
857
113
789
780
888
612
654
990
863
918
881
358
518
778
258
708
490
856
58
486
945
98
787
95
439
469
623
902
292
112
375
203
885
981
607
175
907
763
160
788
554
238
942
708
74
283
278
456
864
398
522
479
528
968
900
334
915
479
769
888
190
567
542
272
394
68
569
385
813
221
149
855
686
794
681
746
448
170
677
736
746
387
994
159
922
687
175
75
534
410
238
509
739
939
592
77
55
991
17
504
91
737
813
934
322
139
274
542
901
379
643
650
771
484
548
459
72
50
744
559
948
506
648
554
366
470
760
523
506
601
594
535
598
771
103
101
822
559
949
288
59
785
164
191
776
287
891
592
357
216
916
935
497
855
662
206
83
404
155
887
134
208
226
946
999
624
873
723
935
113
284
656
660
140
488
18
204
183
976
226
649
468
934
841
924
55
908
32
853
553
834
211
102
50
353
464
452
812
262
666
136
914
750
418
550
271
814
470
757
447
852
915
626
218
993
233
335
122
147
223
219
115
127
951
625
23
411
134
542
703
335
751
221
671
504
304
933
516
248
844
298
584
775
771
325
256
500
476
425
652
695
78
168
743
215
873
504
648
566
619
466
391
971
464
145
470
433
120
864
421
999
908
7
939
563
393
960
263
591
669
932
233
86
752
260
860
951
191
899
299
688
749
464
828
999
915
114
815
451
114
998
678
835
675
783
534
201
43
973
559
885
232
365
102
995
236
996
228
939
973
359
675
593
325
511
205
586
44
926
908
38
585
589
322
776
426
895
174
700
75
351
112
506
738
960
64
407
605
442
763
856
780
101
523
514
172
244
581
876
79
560
192
37
751
733
170
50
976
890
794
203
608
180
792
340
999
900
645
35
501
102
607
29
560
539
615
840
436
152
763
876
245
22
132
698
863
870
516
291
197
742
57
338
456
458
874
549
392
781
508
990
873
34
441
261
801
59
966
93
142
7
433
595
721
