500
425
402
571
514
118
270
85
415
359
521
443
610
946
348
988
739
752
428
250
410
546
922
516
501
29
424
946
534
483
535
365
346
539
766
345
225
529
484
834
67
613
729
635
113
349
785
240
283
686
572
143
174
394
29
511
330
823
936
265
477
465
753
981
57
253
413
697
510
671
208
680
460
751
294
419
170
767
651
655
350
976
748
42
721
74
545
93
495
103
947
475
299
472
282
302
935
350
870
39
760
180
332
820
398
254
811
454
969
293
918
195
16
778
829
355
808
304
622
214
788
618
660
247
504
87
531
623
468
287
825
62
73
52
817
623
830
836
953
719
950
453
867
665
495
312
572
367
128
77
354
355
773
280
864
193
365
766
869
471
192
44
140
981
279
524
992
405
668
369
51
815
397
153
948
551
518
845
763
600
473
662
193
426
726
207
636
295
642
911
603
563
188
231
123
31
232
213
102
457
850
37
919
525
288
870
889
105
957
917
608
435
136
867
625
913
822
9
301
585
550
190
224
19
837
437
39
207
332
495
104
314
650
762
941
616
383
105
58
685
703
820
373
978
574
546
91
281
576
330
629
80
982
108
880
829
822
837
878
256
313
142
717
281
243
858
389
896
573
75
74
336
789
320
279
181
308
358
162
622
527
638
295
958
978
830
123
558
373
38
377
925
277
203
720
209
521
957
15
523
475
659
665
635
770
643
642
207
86
777
961
551
184
267
579
992
441
252
887
313
774
186
277
449
970
140
497
519
152
166
867
555
275
599
779
771
346
694
261
50
289
349
835
363
206
702
322
228
113
320
724
950
109
319
849
298
320
210
838
476
898
486
380
758
822
940
946
886
238
543
66
404
586
202
278
424
845
125
130
917
788
604
294
543
269
966
653
169
216
103
987
712
175
474
695
664
977
731
886
659
316
145
5
778
843
805
106
826
637
199
829
697
789
117
93
87
198
5
561
226
540
819
936
4
869
161
246
873
201
970
372
146
974
321
188
867
281
975
877
284
332
114
166
20
681
390
447
469
394
759
18
599
452
807
976
293
397
218
585
612
405
797
338
865
753
987
276
170
882
138
564
288
93
873
767
837
245
789
739
673
663
353
564
123
920
347
496
964
22
366
460
537
46
947
240
132
224
628
127
857
44
