1000
499
0
927
773
850
446
831
72
908
222
316
100
635
210
608
111
135
49
448
20
168
132
535
235
746
485
541
16
687
609
803
392
669
267
541
268
356
25
170
49
186
0
435
188
498
349
599
246
655
390
683
224
252
78
525
279
425
147
702
175
267
100
498
197
392
76
493
270
703
350
578
404
968
4
342
288
531
77
673
406
411
206
516
45
461
175
390
352
695
319
493
420
537
117
986
8
218
209
868
130
508
280
737
179
420
315
572
230
651
491
907
188
327
321
951
386
804
350
588
71
811
703
808
309
313
298
837
350
519
20
313
148
756
473
554
22
170
110
905
252
623
493
818
132
671
332
360
89
499
62
195
61
276
190
620
57
737
646
961
132
987
690
818
412
622
588
726
164
341
251
486
390
469
438
502
399
446
373
780
286
527
320
518
70
983
113
918
845
976
411
453
42
156
3
469
28
846
845
940
19
876
549
824
477
526
405
860
818
989
165
759
364
806
97
750
716
790
384
852
614
831
634
647
577
654
43
685
68
217
46
431
21
495
361
411
340
515
275
414
155
233
65
576
387
819
628
869
261
753
486
691
508
692
484
583
191
534
132
642
166
178
159
408
374
884
628
749
747
875
99
855
300
956
133
467
33
713
421
955
533
918
472
626
205
214
162
608
84
986
3
822
519
651
255
669
21
806
166
605
368
807
221
248
142
750
473
573
431
871
758
913
840
878
818
899
860
938
543
903
19
338
233
968
796
936
514
915
610
818
639
972
353
983
166
386
116
127
77
738
677
858
579
995
575
738
547
557
224
888
453
912
803
979
711
929
212
860
319
386
112
539
78
607
300
502
36
725
523
819
136
853
252
520
351
561
95
182
24
246
61
189
94
430
150
194
0
574
332
519
496
969
134
987
604
747
274
369
139
181
107
578
83
145
118
505
100
577
274
392
87
480
292
940
180
819
439
579
297
351
256
365
248
966
23
996
807
851
285
697
584
766
101
320
296
609
318
745
392
767
280
414
369
708
72
201
64
375
16
450
125
261
184
749
471
741
311
348
224
769
645
836
49
850
120
419
188
621
457
530
245
662
660
898
789
919
73
599
185
652
143
802
382
463
453
639
173
754
587
802
416
779
594
711
173
631
247
438
211
810
381
773
101
429
110
581
61
802
84
472
64
980
661
822
698
754
15
849
337
720
70
141
109
246
8
226
41
967
258
502
77
979
100
634
18
495
227
525
144
425
290
489
227
898
26
104
36
78
6
783
229
693
516
731
319
345
162
892
454
787
499
558
402
571
158
873
297
540
160
788
555
582
134
312
3
562
523
906
46
934
242
403
70
423
225
522
71
152
137
300
50
470
463
961
574
602
49
470
228
396
11
964
395
987
309
413
62
791
249
432
119
773
566
856
747
905
31
918
323
962
481
501
93
427
350
753
471
649
295
782
730
814
760
906
404
477
55
614
489
646
584
703
10
497
177
456
343
596
92
838
723
745
291
986
636
647
181
720
435
595
510
767
190
289
0
93
45
713
121
495
256
927
905
933
529
997
428
735
666
832
795
871
399
417
212
434
406
903
25
418
24
111
20
76
30
48
42
555
379
670
228
310
278
602
220
618
273
864
630
774
445
625
454
614
552
967
678
738
182
386
149
711
191
990
906
946
305
369
32
866
617
755
29
69
11
373
271
823
419
673
547
912
759
930
282
318
43
259
18
428
133
401
289
634
343
728
413
913
653
741
312
426
64
393
280
444
25
281
13
343
134
763
420
808
417
545
349
531
404
826
485
985
386
644
47
258
189
532
172
174
17
581
400
595
28
609
348
445
412
911
357
489
63
626
577
705
289
698
443
754
552
885
831
850
455
666
28
810
28
787
755
884
111
890
575
939
707
943
522
958
124
203
188
524
31
978
43
195
131
492
94
435
141
814
514
822
47
705
652
760
742
937
12
929
120
640
117
149
2
857
488
821
519
815
143
796
782
990
472
889
456
583
321
575
199
288
98
463
134
153
13
748
539
800
156
667
622
939
732
796
262
769
742
779
684
803
413
842
465
605
455
479
63
639
549
921
554
930
486
541
309
354
219
301
174
266
15
223
201
827
166
642
313
596
156
768
700
864
821
937
872
991
166
592
529
858
843
903
544
629
159
379
186
618
119
704
555
910
824
861
229
402
176
771
348
805
99
487
361
805
93
211
143
357
294
466
356
938
553
574
303
952
327
665
254
581
124
587
309
721
693
916
589
768
702
724
309
588
347
587
565
641
343
815
754
986
911
973
955
995
461
