500
90
94
64
65
21
28
12
73
46
76
40
84
44
57
7
29
0
54
29
55
41
57
40
86
57
76
29
75
72
90
34
84
14
44
0
35
34
68
64
98
83
85
6
52
47
54
22
49
0
58
18
54
4
5
4
78
27
92
29
64
57
61
25
69
36
39
33
51
6
13
12
37
34
37
36
53
21
57
18
44
16
59
29
60
16
97
75
77
30
53
29
70
56
78
41
92
77
89
47
85
61
88
9
84
38
40
3
13
7
80
2
27
11
52
26
42
13
38
35
54
4
36
23
30
12
84
26
56
16
52
39
88
20
98
81
84
14
92
28
87
46
48
38
70
13
73
45
83
10
99
27
57
47
52
34
48
45
64
2
32
9
74
41
49
24
41
0
28
26
34
22
96
89
90
30
60
30
78
69
78
42
60
58
93
25
96
25
30
10
64
18
89
60
95
35
60
0
90
43
66
65
76
22
88
25
93
52
66
21
48
20
79
60
66
65
66
43
54
53
61
35
63
46
81
13
43
13
40
13
40
37
53
28
59
57
69
34
71
30
67
19
52
40
44
42
91
20
40
20
27
20
90
37
55
12
84
4
93
73
93
83
90
86
88
32
79
54
95
62
91
17
34
20
45
30
82
5
31
19
70
33
48
28
47
13
85
3
79
12
88
33
37
34
97
50
53
52
59
34
64
5
62
50
86
85
87
4
43
39
41
31
61
29
30
22
35
15
82
37
98
2
81
69
91
69
70
34
43
37
54
3
72
42
66
42
91
14
67
8
45
28
94
54
80
6
53
50
74
32
98
58
98
35
50
28
43
6
48
27
49
41
96
22
29
1
9
2
84
22
32
31
90
10
88
25
55
8
49
39
85
58
85
38
91
65
67
0
17
2
87
33
42
0
61
31
48
10
46
44
99
75
97
25
99
3
78
57
91
67
85
66
99
46
51
9
84
41
67
44
84
4
82
67
69
44
82
47
48
33
91
62
74
35
56
3
53
45
92
75
83
15
25
1
73
2
47
33
96
3
99
6
18
10
19
13
75
38
52
24
75
17
62
10
58
55
56
11
51
10
27
6
91
48
84
74
82
7
83
37
61
12
18
3
67
24
58
40
82
26
87
3
33
11
41
24
44
43
68
46
52
